0.114366
0.116667
0.116540
0.114170
0.109798
0.103712
0.096235
0.087710
0.078490
0.068933
0.059386
0.050183
0.041637
0.034033
0.027621
0.022612
0.019173
0.017422
0.017422
0.019176
0.022628
0.027658
0.034081
0.041650
0.050063
0.058963
0.067952
0.076607
0.084488
0.091161
0.096220
0.099301
0.100105
0.098418
0.094121
0.087204
0.077766
0.066017
0.052267
0.036911
0.020413
0.003280
-0.013963
-0.030795
-0.046724
-0.061310
-0.074179
-0.085032
-0.093660
-0.099939
-0.103830
-0.105375
-0.104685
-0.101935
-0.097349
-0.091191
-0.083752
-0.075344
-0.066286
-0.056898
-0.047493
-0.038372
-0.029815
-0.022079
-0.015391
-0.009942
-0.005885
-0.003330
-0.002338
-0.002921
-0.005034
-0.008581
-0.013408
-0.019305
-0.026016
-0.033236
-0.040625
-0.047820
-0.054443
-0.060122
-0.064506
-0.067282
-0.068191
-0.067047
-0.063747
-0.058277
-0.050722
-0.041258
-0.030146
-0.017723
-0.004382
0.009447
0.023317
0.036786
0.049440
0.060906
0.070870
0.079083
0.085372
0.089638
0.091855
0.092066
0.090374
0.086936
0.081950
0.075649
0.068290
0.060144
0.051490
0.042608
0.033770
0.025236
0.017252
0.010037
0.003790
-0.001326
-0.005178
-0.007673
-0.008757
-0.008424
-0.006711
-0.003703
0.000464
0.005611
0.011512
0.017905
0.024496
0.030967
0.036995
0.042255
0.046442
0.049286
0.050562
0.050105
0.047825
0.043706
0.037816
0.030304
0.021390
0.011359
0.000544
-0.010690
-0.021963
-0.032900
-0.043149
-0.052394
-0.060369
-0.066863
-0.071732
-0.074891
-0.076322
-0.076063
-0.074203
-0.070878
-0.066259
-0.060547
-0.053961
-0.046734
-0.039105
-0.031313
-0.023591
-0.016161
-0.009233
-0.002993
0.002390
0.006776
0.010053
0.012143
0.013003
0.012625
0.011045
0.008337
0.004618
0.000043
-0.005195
-0.010868
-0.016724
-0.022493
-0.027892
-0.032646
-0.036493
-0.039199
-0.040571
-0.040468
-0.038809
-0.035582
-0.030844
-0.024718
-0.017394
-0.009112
-0.000157
0.009162
0.018520
0.027600
0.036100
0.043752
0.050330
0.055656
0.059604
0.062106
0.063145
0.062755
0.061012
0.058033
0.053964
0.048976
0.043257
0.037006
0.030427
0.023723
0.017094
0.010730
0.004807
-0.000513
-0.005088
-0.008799
-0.011551
-0.013277
-0.013941
-0.013537
-0.012096
-0.009682
-0.006395
-0.002368
0.002232
0.007211
0.012354
0.017427
0.022190
0.026407
0.029852
0.032326
0.033662
0.033740
0.032489
0.029899
0.026016
0.020946
0.014849
0.007931
0.000433
-0.007380
-0.015231
-0.022850
-0.029980
-0.036392
-0.041892
-0.046328
-0.049595
-0.051632
-0.052426
-0.052005
-0.050435
-0.047816
-0.044272
-0.039951
-0.035011
-0.029625
-0.023966
-0.018209
-0.012523
-0.007071
-0.002006
0.002535
0.006431
0.009579
0.011897
0.013328
0.013842
0.013433
0.012127
0.009980
0.007077
0.003533
-0.000510
-0.004886
-0.009408
-0.013876
-0.018084
-0.021828
-0.024915
-0.027171
-0.028453
-0.028657
-0.027721
-0.025635
-0.022437
-0.018217
-0.013112
-0.007298
-0.000981
0.005612
0.012245
0.018684
0.024709
0.030123
0.034760
0.038489
0.041219
0.042897
0.043512
0.043088
0.041681
0.039376
0.036282
0.032523
0.028238
0.023574
0.018681
0.013709
0.008806
0.004112
-0.000243
-0.004138
-0.007469
-0.010146
-0.012099
-0.013278
-0.013655
-0.013226
-0.012013
-0.010064
-0.007451
-0.004276
-0.000660
0.003252
0.007298
0.011304
0.015092
0.018482
0.021306
0.023413
0.024677
0.025004
0.024342
0.022677
0.020044
0.016518
0.012216
0.007290
0.001919
-0.003700
-0.009362
-0.014865
-0.020016
-0.024645
-0.028604
-0.031781
-0.034093
-0.035497
-0.035980
-0.035563
-0.034294
-0.032248
-0.029518
-0.026212
-0.022453
-0.018368
-0.014089
-0.009748
-0.005473
-0.001389
0.002391
0.005759
0.008624
0.010906
0.012543
0.013490
0.013722
0.013236
0.012049
0.010203
0.007763
0.004816
0.001471
-0.002144
-0.005886
-0.009600
-0.013127
-0.016308
-0.018991
-0.021040
-0.022343
-0.022814
-0.022404
-0.021100
-0.018928
-0.015955
-0.012282
-0.008044
-0.003398
0.001482
0.006414
0.011216
0.015718
0.019767
0.023230
0.026006
0.028022
0.029234
0.029633
0.029235
0.028082
0.026241
0.023793
0.020836
0.017479
0.013835
0.010024
0.006163
0.002369
-0.001246
-0.004578
-0.007532
-0.010023
-0.011979
-0.013341
-0.014070
-0.014142
-0.013552
-0.012316
-0.010471
-0.008076
-0.005210
-0.001971
0.001522
0.005140
0.008740
0.012175
0.015298
0.017969
0.020062
0.021470
0.022113
0.021942
0.020942
0.019137
0.016583
0.013372
0.009626
0.005488
0.001117
-0.003319
-0.007653
-0.011727
-0.015399
-0.018546
-0.021072
-0.022908
-0.024013
-0.024376
-0.024010
-0.022953
-0.021265
-0.019021
-0.016311
-0.013236
-0.009900
-0.006415
-0.002890
0.000565
0.003846
0.006855
0.009501
0.011704
0.013396
0.014521
0.015040
0.014930
0.014186
0.012822
0.010872
0.008391
0.005454
0.002155
-0.001395
-0.005070
-0.008736
-0.012249
-0.015469
-0.018259
-0.020496
-0.022075
-0.022918
-0.022973
-0.022224
-0.020689
-0.018421
-0.015505
-0.012055
-0.008209
-0.004118
0.000056
0.004154
0.008021
0.011519
0.014528
0.016955
0.018729
0.019810
0.020183
0.019861
0.018879
0.017292
0.015174
0.012609
0.009694
0.006533
0.003232
-0.000101
-0.003360
-0.006442
-0.009249
-0.011693
-0.013693
-0.015183
-0.016105
-0.016421
-0.016107
-0.015156
-0.013582
-0.011418
-0.008718
-0.005556
-0.002026
0.001761
0.005680
0.009593
0.013358
0.016830
0.019872
0.022356
0.024176
0.025247
0.025517
0.024965
0.023605
0.021490
0.018701
0.015353
0.011582
0.007541
0.003393
-0.000700
-0.004582
-0.008110
-0.011163
-0.013640
-0.015472
-0.016612
-0.017045
-0.016781
-0.015853
-0.014317
-0.012245
-0.009723
-0.006850
-0.003729
-0.000470
0.002816
0.006021
0.009037
0.011766
0.014114
0.015998
0.017348
0.018104
0.018224
0.017683
0.016473
0.014608
0.012122
0.009070
0.005529
0.001598
-0.002607
-0.006954
-0.011299
-0.015489
-0.019371
-0.022798
-0.025635
-0.027764
-0.029097
-0.029571
-0.029164
-0.027889
-0.025795
-0.022970
-0.019530
-0.015621
-0.011402
-0.007046
-0.002727
0.001389
0.005150
0.008423
0.011102
0.013108
0.014391
0.014931
0.014738
0.013844
0.012308
0.010204
0.007625
0.004673
0.001460
-0.001897
-0.005279
-0.008571
-0.011656
-0.014428
-0.016784
-0.018636
-0.019906
-0.020529
-0.020459
-0.019668
-0.018146
-0.015908
-0.012990
-0.009452
-0.005378
-0.000874
0.003931
0.008893
0.013852
0.018641
0.023091
0.027039
0.030333
0.032844
0.034470
0.035141
0.034830
0.033547
0.031346
0.028321
0.024600
0.020339
0.015718
0.010925
0.006153
0.001586
-0.002606
-0.006276
-0.009302
-0.011596
-0.013101
-0.013793
-0.013680
-0.012797
-0.011206
-0.008990
-0.006249
-0.003098
0.000341
0.003938
0.007562
0.011081
0.014369
0.017303
0.019772
0.021675
0.022922
0.023444
0.023186
0.022116
0.020225
0.017526
0.014060
0.009895
0.005126
-0.000128
-0.005722
-0.011492
-0.017257
-0.022829
-0.028013
-0.032624
-0.036490
-0.039461
-0.041420
-0.042288
-0.042029
-0.040655
-0.038226
-0.034845
-0.030658
-0.025841
-0.020598
-0.015142
-0.009694
-0.004464
0.000354
0.004591
0.008108
0.010801
0.012606
0.013492
0.013467
0.012570
0.010870
0.008461
0.005456
0.001985
-0.001813
-0.005790
-0.009796
-0.013681
-0.017299
-0.020512
-0.023191
-0.025219
-0.026496
-0.026939
-0.026486
-0.025100
-0.022768
-0.019509
-0.015368
-0.010422
-0.004781
0.001417
0.008006
0.014795
0.021577
0.028131
0.034235
0.039672
0.044243
0.047774
0.050127
0.051211
0.050983
0.049454
0.046693
0.042820
0.037999
0.032438
0.026368
0.020039
0.013705
0.007611
0.001981
-0.002988
-0.007133
-0.010334
-0.012515
-0.013640
-0.013715
-0.012787
-0.010934
-0.008262
-0.004905
-0.001010
0.003260
0.007734
0.012239
0.016601
0.020650
0.024227
0.027180
0.029375
0.030695
0.031043
0.030348
0.028567
0.025685
0.021723
0.016734
0.010810
0.004077
-0.003302
-0.011135
-0.019198
-0.027248
-0.035028
-0.042278
-0.048743
-0.054190
-0.058416
-0.061258
-0.062609
-0.062418
-0.060698
-0.057526
-0.053042
-0.047439
-0.040956
-0.033865
-0.026458
-0.019029
-0.011865
-0.005229
0.000649
0.005579
0.009421
0.012083
0.013525
0.013754
0.012821
0.010820
0.007874
0.004136
-0.000218
-0.005001
-0.010014
-0.015053
-0.019916
-0.024407
-0.028337
-0.031532
-0.033835
-0.035109
-0.035244
-0.034156
-0.031795
-0.028147
-0.023235
-0.017125
-0.009923
-0.001780
0.007113
0.016528
0.026204
0.035853
0.045173
0.053858
0.061609
0.068151
0.073244
0.076698
0.078385
0.078243
0.076288
0.072609
0.067368
0.060790
0.053156
0.044783
0.036011
0.027185
0.018642
0.010689
0.003596
-0.002417
-0.007182
-0.010594
-0.012603
-0.013219
-0.012500
-0.010553
-0.007524
-0.003590
0.001046
0.006164
0.011534
0.016920
0.022088
0.026808
0.030864
0.034053
0.036195
0.037134
0.036740
0.034922
0.031624
0.026832
0.020577
0.012939
0.004047
-0.005920
-0.016734
-0.028125
-0.039783
-0.051370
-0.062528
-0.072896
-0.082122
-0.089882
-0.095891
-0.099928
-0.101838
-0.101549
-0.099079
-0.094530
-0.088092
-0.080029
-0.070668
-0.060381
-0.049566
-0.038630
-0.027965
-0.017935
-0.008856
-0.000990
0.005466
0.010384
0.013702
0.015427
0.015623
0.014410
0.011953
0.008453
0.004140
-0.000735
-0.005909
-0.011114
-0.016083
-0.020555
-0.024285
-0.027044
-0.028628
-0.028861
-0.027602
-0.024748
-0.020242
-0.014073
-0.006284
0.003026
0.013701
0.025527
0.038237
0.051511
0.064984
0.078260
0.090922
0.102546
0.112723
0.121076
0.127276
0.131065
0.132268
0.130806
0.126701
0.120081
0.111170
0.100284
0.087809
0.074187
0.059889
0.045395
0.031172
0.017651
0.005210
-0.005839
-0.015257
-0.022884
-0.028642
-0.032525
-0.034601
-0.034998
-0.033899
-0.031527
-0.028140
-0.024020
-0.019462
-0.014768
-0.010239
-0.006166
-0.002827
-0.000477
0.000655
0.000376
-0.001471
-0.004996
-0.010257
-0.017259
-0.025945
-0.036191
-0.047812
-0.060554
-0.074098
-0.088070
-0.102042
-0.115551
-0.128110
-0.139225
-0.148422
-0.155260
-0.159360
-0.160424
-0.158249
-0.152746
-0.143945
-0.131997
-0.117167
-0.099825
-0.080424
-0.059483
-0.037554
-0.015200
0.007031
0.028631
0.049155
0.068230
0.085572
0.100985
