0.044828
0.066736
0.088367
0.109633
0.130446
0.150720
0.170373
0.189325
0.207498
0.224817
0.241214
0.256621
0.270976
0.284221
0.296304
0.307177
0.316795
0.325122
0.332124
0.337776
0.342055
0.344946
0.346440
0.346532
0.345223
0.342522
0.338441
0.332999
0.326220
0.318134
0.308776
0.298186
0.286409
0.273495
0.259497
0.244476
0.228492
0.211614
0.193910
0.175453
0.156321
0.136592
0.116346
0.095666
0.074637
0.053345
0.031875
0.010317
-0.011245
-0.032721
-0.054026
-0.075073
-0.095778
-0.116059
-0.135833
-0.155023
-0.173550
-0.191343
-0.208330
-0.224444
-0.239622
-0.253805
-0.266937
-0.278967
-0.289850
-0.299542
-0.308009
-0.315217
-0.321142
-0.325761
-0.329059
-0.331026
-0.331657
-0.330952
-0.328918
-0.325567
-0.320914
-0.314982
-0.307799
-0.299397
-0.289813
-0.279089
-0.267273
-0.254414
-0.240568
-0.225795
-0.210156
-0.193719
-0.176551
-0.158725
-0.140316
-0.121399
-0.102055
-0.082362
-0.062401
-0.042255
-0.022007
-0.001738
0.018469
0.038531
0.058369
0.077901
0.097050
0.115740
0.133896
0.151446
0.168322
0.184458
0.199791
0.214261
0.227815
0.240400
0.251969
0.262479
0.271893
0.280177
0.287302
0.293244
0.297984
0.301508
0.303808
0.304878
0.304721
0.303343
0.300754
0.296971
0.292014
0.285909
0.278685
0.270378
0.261025
0.250670
0.239359
0.227141
0.214071
0.200205
0.185604
0.170328
0.154444
0.138018
0.121119
0.103816
0.086183
0.068290
0.050211
0.032021
0.013791
-0.004404
-0.022491
-0.040398
-0.058056
-0.075393
-0.092343
-0.108839
-0.124818
-0.140218
-0.154981
-0.169051
-0.182375
-0.194904
-0.206593
-0.217398
-0.227281
-0.236209
-0.244149
-0.251076
-0.256968
-0.261806
-0.265577
-0.268272
-0.269886
-0.270418
-0.269873
-0.268257
-0.265584
-0.261870
-0.257135
-0.251405
-0.244707
-0.237074
-0.228541
-0.219147
-0.208934
-0.197949
-0.186238
-0.173853
-0.160846
-0.147273
-0.133192
-0.118660
-0.103739
-0.088490
-0.072976
-0.057259
-0.041403
-0.025472
-0.009531
0.006359
0.022134
0.037732
0.053092
0.068154
0.082862
0.097157
0.110987
0.124299
0.137043
0.149172
0.160642
0.171411
0.181440
0.190694
0.199142
0.206753
0.213504
0.219373
0.224340
0.228393
0.231521
0.233716
0.234976
0.235300
0.234694
0.233165
0.230724
0.227388
0.223173
0.218102
0.212200
0.205496
0.198019
0.189806
0.180891
0.171315
0.161120
0.150348
0.139046
0.127262
0.115045
0.102445
0.089515
0.076307
0.062875
0.049273
0.035556
0.021779
0.007995
-0.005740
-0.019373
-0.032851
-0.046122
-0.059135
-0.071840
-0.084189
-0.096136
-0.107636
-0.118646
-0.129127
-0.139039
-0.148348
-0.157020
-0.165026
-0.172337
-0.178929
-0.184780
-0.189873
-0.194190
-0.197720
-0.200453
-0.202384
-0.203510
-0.203830
-0.203348
-0.202072
-0.200009
-0.197174
-0.193582
-0.189251
-0.184202
-0.178459
-0.172049
-0.165001
-0.157345
-0.149116
-0.140349
-0.131082
-0.121352
-0.111202
-0.100672
-0.089807
-0.078651
-0.067249
-0.055646
-0.043891
-0.032028
-0.020105
-0.008169
0.003734
0.015556
0.027253
0.038780
0.050093
0.061148
0.071904
0.082321
0.092361
0.101985
0.111159
0.119850
0.128026
0.135658
0.142720
0.149188
0.155039
0.160253
0.164815
0.168710
0.171926
0.174454
0.176289
0.177426
0.177866
0.177610
0.176662
0.175031
0.172726
0.169759
0.166146
0.161903
0.157052
0.151613
0.145611
0.139072
0.132024
0.124497
0.116523
0.108135
0.099368
0.090256
0.080839
0.071152
0.061236
0.051130
0.040874
0.030508
0.020074
0.009611
-0.000839
-0.011237
-0.021542
-0.031715
-0.041717
-0.051510
-0.061058
-0.070325
-0.079276
-0.087878
-0.096100
-0.103912
-0.111285
-0.118194
-0.124613
-0.130520
-0.135895
-0.140719
-0.144977
-0.148654
-0.151739
-0.154222
-0.156098
-0.157360
-0.158008
-0.158041
-0.157462
-0.156276
-0.154489
-0.152112
-0.149156
-0.145635
-0.141565
-0.136964
-0.131851
-0.126248
-0.120180
-0.113670
-0.106747
-0.099437
-0.091772
-0.083781
-0.075497
-0.066952
-0.058181
-0.049217
-0.040097
-0.030855
-0.021528
-0.012151
-0.002761
0.006607
0.015916
0.025130
0.034216
0.043139
0.051865
0.060361
0.068596
0.076539
0.084160
0.091432
0.098329
0.104824
0.110894
0.116518
0.121675
0.126348
0.130519
0.134175
0.137304
0.139894
0.141938
0.143430
0.144365
0.144742
0.144560
0.143823
0.142534
0.140701
0.138331
0.135435
0.132026
0.128118
0.123727
0.118872
0.113571
0.107847
0.101722
0.095221
0.088370
0.081194
0.073723
0.065986
0.058012
0.049833
0.041479
0.032985
0.024381
0.015701
0.006978
-0.001754
-0.010462
-0.019114
-0.027677
-0.036117
-0.044404
-0.052505
-0.060391
-0.068032
-0.075400
-0.082466
-0.089205
-0.095591
-0.101600
-0.107211
-0.112403
-0.117156
-0.121454
-0.125279
-0.128620
-0.131463
-0.133798
-0.135617
-0.136915
-0.137685
-0.137927
-0.137640
-0.136825
-0.135486
-0.133629
-0.131261
-0.128392
-0.125033
-0.121197
-0.116899
-0.112156
-0.106985
-0.101408
-0.095445
-0.089119
-0.082455
-0.075478
-0.068214
-0.060691
-0.052939
-0.044985
-0.036862
-0.028599
-0.020227
-0.011780
-0.003288
0.005215
0.013698
0.022129
0.030475
0.038705
0.046788
0.054692
0.062388
0.069847
0.077040
0.083939
0.090519
0.096755
0.102622
0.108098
0.113162
0.117795
0.121978
0.125697
0.128935
0.131681
0.133924
0.135655
0.136867
0.137554
0.137714
0.137346
0.136451
0.135031
0.133091
0.130638
0.127681
0.124230
0.120298
0.115899
0.111050
0.105768
0.100073
0.093986
0.087529
0.080726
0.073603
0.066186
0.058504
0.050584
0.042458
0.034154
0.025705
0.017142
0.008498
-0.000194
-0.008901
-0.017591
-0.026229
-0.034784
-0.043221
-0.051510
-0.059617
-0.067512
-0.075163
-0.082542
-0.089619
-0.096367
-0.102759
-0.108770
-0.114376
-0.119554
-0.124284
-0.128547
-0.132325
-0.135602
-0.138365
-0.140602
-0.142302
-0.143457
-0.144063
-0.144114
-0.143610
-0.142550
-0.140937
-0.138775
-0.136072
-0.132835
-0.129076
-0.124808
-0.120044
-0.114803
-0.109102
-0.102962
-0.096406
-0.089455
-0.082138
-0.074479
-0.066507
-0.058252
-0.049745
-0.041017
-0.032101
-0.023031
-0.013840
-0.004565
0.004761
0.014101
0.023419
0.032679
0.041846
0.050885
0.059758
0.068433
0.076875
0.085051
0.092927
0.100472
0.107657
0.114452
0.120829
0.126761
0.132225
0.137198
0.141657
0.145584
0.148961
0.151774
0.154008
0.155653
0.156700
0.157142
0.156975
0.156197
0.154808
0.152811
0.150211
0.147016
0.143234
0.138879
0.133964
0.128506
0.122524
0.116037
0.109070
0.101647
0.093795
0.085541
0.076917
0.067953
0.058684
0.049143
0.039366
0.029391
0.019254
0.008995
-0.001348
-0.011734
-0.022123
-0.032475
-0.042750
-0.052907
-0.062906
-0.072708
-0.082273
-0.091563
-0.100541
-0.109169
-0.117413
-0.125239
-0.132613
-0.139505
-0.145885
-0.151727
-0.157004
-0.161692
-0.165772
-0.169223
-0.172028
-0.174174
-0.175648
-0.176441
-0.176547
-0.175962
-0.174683
-0.172712
-0.170054
-0.166714
-0.162703
-0.158032
-0.152716
-0.146772
-0.140221
-0.133083
-0.125385
-0.117153
-0.108416
-0.099207
-0.089557
-0.079503
-0.069083
-0.058333
-0.047296
-0.036013
-0.024526
-0.012879
-0.001118
0.010712
0.022565
0.034395
0.046155
0.057798
0.069278
0.080549
0.091566
0.102283
0.112656
0.122644
0.132203
0.141295
0.149881
0.157923
0.165387
0.172241
0.178453
0.183996
0.188844
0.192973
0.196363
0.198996
0.200858
0.201936
0.202222
0.201710
0.200397
0.198283
0.195373
0.191673
0.187193
0.181947
0.175949
0.169220
0.161782
0.153660
0.144881
0.135478
0.125483
0.114933
0.103866
0.092322
0.080345
0.067979
0.055271
0.042270
0.029025
0.015588
0.002010
-0.011656
-0.025355
-0.039034
-0.052637
-0.066112
-0.079402
-0.092455
-0.105217
-0.117635
-0.129658
-0.141236
-0.152320
-0.162863
-0.172819
-0.182145
-0.190801
-0.198748
-0.205949
-0.212372
-0.217986
-0.222764
-0.226682
-0.229719
-0.231857
-0.233082
-0.233385
-0.232758
-0.231197
-0.228705
-0.225284
-0.220944
-0.215695
-0.209553
-0.202539
-0.194673
-0.185984
-0.176500
-0.166254
-0.155284
-0.143630
-0.131332
-0.118438
-0.104995
-0.091054
-0.076668
-0.061892
-0.046783
-0.031399
-0.015802
-0.000052
0.015788
0.031656
0.047486
0.063216
0.078782
0.094120
0.109167
0.123860
0.138139
0.151943
0.165214
0.177896
0.189933
0.201274
0.211869
0.221671
0.230635
0.238721
0.245891
0.252111
0.257350
0.261581
0.264782
0.266934
0.268022
0.268036
0.266969
0.264820
0.261592
0.257291
0.251930
0.245523
0.238091
0.229658
0.220254
0.209911
0.198665
0.186558
0.173634
0.159941
0.145531
0.130458
0.114781
0.098558
0.081855
0.064736
0.047268
0.029521
0.011567
-0.006524
-0.024678
-0.042821
-0.060879
-0.078779
-0.096445
-0.113806
-0.130789
-0.147321
-0.163335
-0.178761
-0.193533
-0.207589
-0.220868
-0.233311
-0.244863
-0.255474
-0.265095
-0.273682
-0.281196
-0.287602
-0.292867
-0.296966
-0.299876
-0.301581
-0.302068
-0.301331
-0.299366
-0.296177
-0.291773
-0.286165
-0.279373
-0.271419
-0.262331
-0.252143
-0.240891
-0.228617
-0.215369
-0.201196
-0.186153
-0.170299
-0.153694
-0.136406
-0.118501
-0.100051
-0.081130
-0.061813
-0.042177
-0.022303
-0.002269
0.017842
0.037948
0.057968
0.077820
0.097422
0.116693
0.135554
0.153927
0.171735
0.188903
0.205361
0.221038
0.235869
0.249790
0.262743
0.274671
0.285524
0.295253
0.303817
0.311176
0.317298
0.322153
0.325719
0.327977
0.328915
0.328524
0.326804
0.323756
0.319390
0.313720
0.306765
0.298549
0.289104
0.278464
0.266668
0.253762
0.239795
0.224822
0.208900
0.192092
0.174464
0.156085
0.137029
0.117371
0.097190
0.076567
0.055586
0.034330
0.012886
-0.008658
-0.030216
-0.051699
-0.073018
-0.094087
-0.114818
-0.135125
-0.154925
-0.174135
-0.192676
-0.210468
-0.227438
-0.243515
-0.258630
-0.272720
-0.285724
-0.297587
-0.308258
-0.317691
-0.325845
-0.332683
-0.338177
-0.342300
-0.345034
-0.346366
-0.346287
-0.344797
-0.341900
-0.337605
-0.331930
-0.324895
-0.316529
-0.306865
-0.295942
-0.283803
-0.270498
-0.256081
-0.240612
-0.224152
-0.206770
-0.188538
-0.169529
-0.149824
-0.129502
-0.108647
-0.087346
-0.065687
-0.043758
-0.021651
0.000543
0.022733
