0.038062
0.049537
0.060859
0.071989
0.082884
0.093506
0.103815
0.113773
0.123345
0.132494
0.141188
0.149394
0.157083
0.164225
0.170796
0.176770
0.182126
0.186843
0.190906
0.194299
0.197008
0.199026
0.200343
0.200955
0.200860
0.200059
0.198553
0.196349
0.193456
0.189882
0.185642
0.180752
0.175228
0.169091
0.162365
0.155072
0.147241
0.138899
0.130078
0.120808
0.111125
0.101064
0.090660
0.079953
0.068980
0.057782
0.046399
0.034873
0.023245
0.011557
-0.000148
-0.011829
-0.023443
-0.034949
-0.046305
-0.057472
-0.068409
-0.079077
-0.089438
-0.099457
-0.109097
-0.118325
-0.127108
-0.135417
-0.143222
-0.150496
-0.157215
-0.163357
-0.168900
-0.173826
-0.178120
-0.181768
-0.184759
-0.187084
-0.188738
-0.189715
-0.190015
-0.189640
-0.188593
-0.186881
-0.184511
-0.181496
-0.177849
-0.173584
-0.168721
-0.163280
-0.157282
-0.150751
-0.143715
-0.136200
-0.128236
-0.119854
-0.111086
-0.101967
-0.092531
-0.082815
-0.072854
-0.062687
-0.052353
-0.041889
-0.031335
-0.020730
-0.010113
0.000476
0.010999
0.021417
0.031693
0.041789
0.051669
0.061297
0.070639
0.079663
0.088336
0.096628
0.104511
0.111958
0.118942
0.125442
0.131435
0.136902
0.141826
0.146191
0.149985
0.153196
0.155816
0.157838
0.159259
0.160077
0.160292
0.159907
0.158927
0.157359
0.155214
0.152501
0.149236
0.145433
0.141111
0.136289
0.130988
0.125232
0.119044
0.112451
0.105480
0.098161
0.090523
0.082598
0.074416
0.066011
0.057417
0.048667
0.039795
0.030836
0.021825
0.012797
0.003786
-0.005174
-0.014048
-0.022804
-0.031408
-0.039829
-0.048035
-0.055996
-0.063684
-0.071071
-0.078129
-0.084835
-0.091165
-0.097096
-0.102609
-0.107685
-0.112307
-0.116460
-0.120133
-0.123312
-0.125990
-0.128159
-0.129815
-0.130953
-0.131574
-0.131678
-0.131269
-0.130350
-0.128929
-0.127015
-0.124619
-0.121752
-0.118430
-0.114667
-0.110482
-0.105894
-0.100923
-0.095591
-0.089921
-0.083938
-0.077667
-0.071133
-0.064366
-0.057391
-0.050239
-0.042938
-0.035518
-0.028008
-0.020439
-0.012840
-0.005242
0.002326
0.009834
0.017253
0.024555
0.031711
0.038695
0.045479
0.052040
0.058352
0.064392
0.070138
0.075569
0.080667
0.085412
0.089789
0.093783
0.097380
0.100569
0.103339
0.105683
0.107593
0.109066
0.110098
0.110687
0.110834
0.110542
0.109814
0.108656
0.107075
0.105080
0.102682
0.099892
0.096724
0.093192
0.089314
0.085107
0.080589
0.075781
0.070702
0.065375
0.059823
0.054069
0.048136
0.042051
0.035837
0.029520
0.023127
0.016682
0.010212
0.003742
-0.002701
-0.009092
-0.015407
-0.021620
-0.027708
-0.033646
-0.039413
-0.044986
-0.050344
-0.055468
-0.060338
-0.064937
-0.069247
-0.073254
-0.076943
-0.080301
-0.083318
-0.085983
-0.088287
-0.090224
-0.091788
-0.092975
-0.093783
-0.094210
-0.094258
-0.093928
-0.093224
-0.092151
-0.090716
-0.088926
-0.086790
-0.084321
-0.081528
-0.078426
-0.075028
-0.071351
-0.067409
-0.063222
-0.058807
-0.054182
-0.049369
-0.044387
-0.039257
-0.034001
-0.028641
-0.023198
-0.017696
-0.012156
-0.006601
-0.001054
0.004464
0.009929
0.015322
0.020619
0.025801
0.030847
0.035738
0.040454
0.044979
0.049294
0.053384
0.057233
0.060827
0.064153
0.067200
0.069956
0.072412
0.074560
0.076392
0.077904
0.079091
0.079950
0.080479
0.080677
0.080547
0.080091
0.079311
0.078213
0.076804
0.075090
0.073080
0.070784
0.068213
0.065379
0.062295
0.058974
0.055432
0.051684
0.047746
0.043635
0.039369
0.034967
0.030446
0.025826
0.021126
0.016366
0.011566
0.006744
0.001922
-0.002882
-0.007647
-0.012355
-0.016987
-0.021524
-0.025948
-0.030242
-0.034389
-0.038372
-0.042176
-0.045786
-0.049189
-0.052372
-0.055322
-0.058029
-0.060483
-0.062675
-0.064598
-0.066244
-0.067608
-0.068687
-0.069476
-0.069975
-0.070182
-0.070098
-0.069724
-0.069065
-0.068122
-0.066903
-0.065412
-0.063658
-0.061648
-0.059393
-0.056902
-0.054187
-0.051260
-0.048134
-0.044823
-0.041341
-0.037703
-0.033926
-0.030024
-0.026015
-0.021916
-0.017744
-0.013517
-0.009252
-0.004968
-0.000681
0.003590
0.007828
0.012015
0.016134
0.020169
0.024102
0.027919
0.031603
0.035140
0.038516
0.041717
0.044731
0.047546
0.050151
0.052535
0.054691
0.056608
0.058281
0.059704
0.060870
0.061777
0.062421
0.062800
0.062914
0.062763
0.062349
0.061674
0.060742
0.059557
0.058125
0.056453
0.054548
0.052420
0.050077
0.047530
0.044791
0.041871
0.038782
0.035539
0.032155
0.028645
0.025024
0.021307
0.017509
0.013648
0.009739
0.005799
0.001845
-0.002108
-0.006042
-0.009941
-0.013789
-0.017569
-0.021267
-0.024866
-0.028352
-0.031710
-0.034927
-0.037989
-0.040884
-0.043600
-0.046126
-0.048451
-0.050566
-0.052462
-0.054133
-0.055570
-0.056770
-0.057725
-0.058434
-0.058894
-0.059102
-0.059059
-0.058764
-0.058219
-0.057428
-0.056392
-0.055118
-0.053610
-0.051876
-0.049922
-0.047757
-0.045391
-0.042833
-0.040094
-0.037186
-0.034122
-0.030914
-0.027576
-0.024121
-0.020566
-0.016924
-0.013211
-0.009442
-0.005635
-0.001803
0.002035
0.005865
0.009670
0.013433
0.017140
0.020774
0.024320
0.027764
0.031090
0.034285
0.037334
0.040226
0.042948
0.045488
0.047836
0.049982
0.051915
0.053629
0.055116
0.056369
0.057383
0.058153
0.058676
0.058949
0.058972
0.058743
0.058263
0.057535
0.056561
0.055344
0.053890
0.052204
0.050293
0.048165
0.045828
0.043293
0.040568
0.037667
0.034599
0.031379
0.028019
0.024533
0.020936
0.017243
0.013468
0.009628
0.005738
0.001816
-0.002124
-0.006063
-0.009987
-0.013877
-0.017718
-0.021494
-0.025188
-0.028786
-0.032270
-0.035627
-0.038843
-0.041903
-0.044794
-0.047503
-0.050020
-0.052332
-0.054429
-0.056303
-0.057944
-0.059345
-0.060500
-0.061402
-0.062048
-0.062434
-0.062558
-0.062418
-0.062014
-0.061347
-0.060418
-0.059232
-0.057791
-0.056102
-0.054170
-0.052002
-0.049608
-0.046995
-0.044175
-0.041159
-0.037957
-0.034583
-0.031051
-0.027374
-0.023567
-0.019646
-0.015626
-0.011524
-0.007357
-0.003142
0.001105
0.005364
0.009620
0.013853
0.018047
0.022184
0.026246
0.030216
0.034078
0.037814
0.041410
0.044848
0.048115
0.051197
0.054079
0.056748
0.059194
0.061404
0.063369
0.065079
0.066526
0.067703
0.068605
0.069225
0.069560
0.069607
0.069366
0.068835
0.068015
0.066909
0.065520
0.063851
0.061909
0.059701
0.057234
0.054516
0.051559
0.048373
0.044970
0.041363
0.037566
0.033594
0.029461
0.025185
0.020782
0.016269
0.011665
0.006988
0.002257
-0.002510
-0.007292
-0.012071
-0.016826
-0.021538
-0.026187
-0.030754
-0.035221
-0.039567
-0.043775
-0.047827
-0.051705
-0.055393
-0.058875
-0.062134
-0.065157
-0.067930
-0.070441
-0.072677
-0.074629
-0.076286
-0.077640
-0.078684
-0.079413
-0.079821
-0.079905
-0.079662
-0.079093
-0.078198
-0.076978
-0.075437
-0.073578
-0.071409
-0.068936
-0.066167
-0.063111
-0.059781
-0.056187
-0.052344
-0.048264
-0.043963
-0.039458
-0.034766
-0.029904
-0.024891
-0.019747
-0.014491
-0.009146
-0.003730
0.001733
0.007222
0.012715
0.018190
0.023625
0.028997
0.034284
0.039465
0.044517
0.049421
0.054154
0.058698
0.063032
0.067137
0.070997
0.074594
0.077911
0.080935
0.083650
0.086045
0.088108
0.089827
0.091196
0.092205
0.092849
0.093123
0.093024
0.092550
0.091700
0.090476
0.088881
0.086918
0.084594
0.081915
0.078890
0.075529
0.071845
0.067848
0.063555
0.058979
0.054138
0.049050
0.043733
0.038208
0.032494
0.026615
0.020591
0.014448
0.008208
0.001895
-0.004465
-0.010847
-0.017226
-0.023577
-0.029874
-0.036092
-0.042205
-0.048189
-0.054019
-0.059670
-0.065120
-0.070344
-0.075322
-0.080032
-0.084453
-0.088567
-0.092355
-0.095800
-0.098886
-0.101599
-0.103926
-0.105856
-0.107378
-0.108484
-0.109167
-0.109422
-0.109246
-0.108636
-0.107592
-0.106116
-0.104211
-0.101883
-0.099137
-0.095983
-0.092430
-0.088490
-0.084176
-0.079503
-0.074488
-0.069148
-0.063502
-0.057571
-0.051376
-0.044941
-0.038289
-0.031446
-0.024436
-0.017287
-0.010026
-0.002681
0.004720
0.012147
0.019573
0.026968
0.034302
0.041546
0.048672
0.055651
0.062455
0.069055
0.075426
0.081540
0.087373
0.092899
0.098096
0.102942
0.107415
0.111496
0.115166
0.118410
0.121212
0.123558
0.125438
0.126840
0.127758
0.128185
0.128116
0.127549
0.126484
0.124921
0.122866
0.120322
0.117297
0.113801
0.109844
0.105440
0.100603
0.095349
0.089698
0.083669
0.077283
0.070564
0.063535
0.056224
0.048655
0.040859
0.032863
0.024698
0.016395
0.007985
-0.000500
-0.009027
-0.017563
-0.026074
-0.034529
-0.042894
-0.051136
-0.059222
-0.067120
-0.074799
-0.082227
-0.089376
-0.096215
-0.102717
-0.108855
-0.114603
-0.119938
-0.124836
-0.129277
-0.133241
-0.136710
-0.139669
-0.142104
-0.144004
-0.145357
-0.146157
-0.146397
-0.146075
-0.145188
-0.143738
-0.141727
-0.139161
-0.136048
-0.132395
-0.128216
-0.123524
-0.118335
-0.112666
-0.106538
-0.099971
-0.092989
-0.085617
-0.077882
-0.069812
-0.061436
-0.052786
-0.043893
-0.034790
-0.025513
-0.016095
-0.006572
0.003019
0.012643
0.022261
0.031838
0.041336
0.050719
0.059950
0.068992
0.077811
0.086371
0.094640
0.102582
0.110168
0.117366
0.124147
0.130483
0.136349
0.141719
0.146572
0.150886
0.154642
0.157824
0.160418
0.162411
0.163792
0.164555
0.164693
0.164204
0.163086
0.161342
0.158975
0.155991
0.152401
0.148214
0.143445
0.138108
0.132222
0.125808
0.118886
0.111482
0.103622
0.095333
0.086645
0.077589
0.068198
0.058507
0.048550
0.038364
0.027987
0.017457
0.006813
-0.003905
-0.014657
-0.025404
-0.036104
-0.046717
-0.057203
-0.067523
-0.077637
-0.087506
-0.097092
-0.106360
-0.115272
-0.123795
-0.131895
-0.139541
-0.146702
-0.153351
-0.159460
-0.165005
-0.169964
-0.174317
-0.178045
-0.181132
-0.183566
-0.185334
-0.186429
-0.186844
-0.186576
-0.185624
-0.183989
-0.181675
-0.178689
-0.175041
-0.170742
-0.165805
-0.160249
-0.154090
-0.147351
-0.140055
-0.132227
-0.123895
-0.115088
-0.105838
-0.096176
-0.086139
-0.075761
-0.065081
-0.054135
-0.042965
-0.031610
-0.020112
-0.008512
0.003148
0.014826
0.026478
