1.941813
1.943354
1.944781
1.946090
1.947277
1.948339
1.949272
1.950072
1.950737
1.951264
1.951649
1.951890
1.951986
1.951932
1.951728
1.951372
1.950862
1.950197
1.949375
1.948397
1.947262
1.945969
1.944519
1.942911
1.941146
1.939225
1.937149
1.934920
1.932539
1.930007
1.927327
1.924501
1.921532
1.918423
1.915176
1.911795
1.908284
1.904645
1.900884
1.897003
1.893009
1.888903
1.884693
1.880382
1.875975
1.871477
1.866893
1.862229
1.857490
1.852682
1.847809
1.842878
1.837893
1.832862
1.827788
1.822679
1.817539
1.812373
1.807189
1.801990
1.796782
1.791572
1.786363
1.781161
1.775971
1.770798
1.765647
1.760521
1.755427
1.750367
1.745346
1.740368
1.735436
1.730555
1.725727
1.720955
1.716242
1.711592
1.707005
1.702486
1.698034
1.693653
1.689344
1.685108
1.680946
1.676858
1.672846
1.668910
1.665050
1.661266
1.657557
1.653924
1.650365
1.646879
1.643465
1.640123
1.636850
1.633645
1.630506
1.627432
1.624419
1.621466
1.618571
1.615731
1.612943
1.610206
1.607515
1.604869
1.602263
1.599697
1.597166
1.594667
1.592198
1.589755
1.587336
1.584938
1.582556
1.580189
1.577834
1.575488
1.573148
1.570810
1.568474
1.566135
1.563792
1.561443
1.559084
1.556714
1.554331
1.551932
1.549517
1.547083
1.544629
1.542154
1.539656
1.537135
1.534589
1.532017
1.529420
1.526795
1.524144
1.521466
1.518760
1.516028
1.513268
1.510482
1.507670
1.504833
1.501970
1.499084
1.496175
1.493244
1.490293
1.487322
1.484332
1.481327
1.478306
1.475271
1.472225
1.469168
1.466103
1.463031
1.459954
1.456875
1.453794
1.450713
1.447635
1.444562
1.441494
1.438435
1.435385
1.432347
1.429323
1.426313
1.423320
1.420345
1.417389
1.414455
1.411543
1.408655
1.405791
1.402954
1.400144
1.397362
1.394608
1.391884
1.389191
1.386528
1.383896
1.381296
1.378727
1.376191
1.373686
1.371214
1.368773
1.366364
1.363986
1.361638
1.359321
1.357034
1.354775
1.352545
1.350342
1.348165
1.346014
1.343887
1.341783
1.339702
1.337642
1.335601
1.333579
1.331574
1.329585
1.327610
1.325649
1.323699
1.321760
1.319829
1.317907
1.315991
1.314080
1.312173
1.310268
1.308364
1.306461
1.304556
1.302649
1.300739
1.298825
1.296906
1.294980
1.293048
1.291108
1.289159
1.287202
1.285235
1.283259
1.281271
1.279274
1.277265
1.275245
1.273215
1.271173
1.269120
1.267056
1.264981
1.262896
1.260801
1.258696
1.256583
1.254460
1.252330
1.250192
1.248047
1.245897
1.243742
1.241583
1.239420
1.237256
1.235090
1.232923
1.230757
1.228593
1.226432
1.224275
1.222123
1.219977
1.217837
1.215706
1.213584
1.211473
1.209372
1.207284
1.205209
1.203149
1.201103
1.199073
1.197060
1.195065
1.193088
1.191130
1.189191
1.187273
1.185375
1.183499
1.181644
1.179812
1.178001
1.176214
1.174449
1.172707
1.170988
1.169292
1.167619
1.165968
1.164341
1.162736
1.161153
1.159592
1.158052
1.156533
1.155035
1.153557
1.152099
1.150659
1.149237
1.147834
1.146447
1.145076
1.143720
1.142380
1.141053
1.139739
1.138437
1.137147
1.135867
1.134597
1.133336
1.132083
1.130838
1.129599
1.128365
1.127137
1.125913
1.124692
1.123474
1.122258
1.121044
1.119830
1.118617
1.117404
1.116190
1.114975
1.113758
1.112539
1.111318
1.110095
1.108869
1.107640
1.106407
1.105172
1.103933
1.102692
1.101447
1.100199
1.098947
1.097694
1.096437
1.095178
1.093917
1.092655
1.091391
1.090126
1.088860
1.087595
1.086329
1.085065
1.083802
1.082541
1.081282
1.080027
1.078775
1.077528
1.076285
1.075048
1.073817
1.072592
1.071375
1.070166
1.068965
1.067773
1.066591
1.065419
1.064258
1.063108
1.061969
1.060843
1.059730
1.058629
1.057542
1.056469
1.055410
1.054366
1.053336
1.052321
1.051322
1.050337
1.049369
1.048416
1.047478
1.046557
1.045651
1.044761
1.043887
1.043028
1.042185
1.041357
1.040545
1.039747
1.038964
1.038196
1.037442
1.036702
1.035976
1.035263
1.034563
1.033875
1.033200
1.032536
1.031884
1.031243
1.030613
1.029993
1.029383
1.028782
1.028190
1.027607
1.027032
1.026465
1.025905
1.025353
1.024806
1.024267
1.023733
1.023205
1.022682
1.022165
1.021652
1.021144
1.020640
1.020141
1.019645
1.019154
1.018666
1.018181
1.017701
1.017223
1.016749
1.016279
1.015811
1.015348
1.014887
1.014431
1.013977
1.013528
1.013083
1.012641
1.012204
1.011770
1.011342
1.010918
1.010499
1.010085
1.009677
1.009274
1.008877
1.008487
1.008102
1.007724
1.007353
1.006990
1.006633
1.006284
1.005943
1.005610
1.005286
1.004970
1.004662
1.004364
1.004075
1.003795
1.003524
1.003263
1.003012
1.002771
1.002540
1.002319
1.002108
1.001907
1.001716
1.001536
1.001366
1.001206
1.001056
1.000917
1.000788
1.000668
1.000559
1.000460
1.000370
1.000290
1.000220
1.000158
1.000107
1.000064
1.000030
1.000005
0.999988
0.999980
0.999979
0.999987
1.000003
1.000026
1.000057
1.000095
1.000141
1.000193
1.000252
1.000317
1.000389
1.000468
1.000553
1.000644
1.000741
1.000844
1.000953
1.001068
1.001189
1.001316
1.001448
1.001586
1.001731
1.001881
1.002037
1.002199
1.002368
1.002542
1.002723
1.002911
1.003105
1.003306
1.003514
1.003730
1.003952
1.004183
1.004421
1.004667
1.004922
1.005185
1.005457
1.005738
1.006028
1.006328
1.006637
1.006957
1.007286
1.007627
1.007977
1.008339
1.008712
1.009096
1.009492
1.009899
1.010318
1.010749
1.011192
1.011647
1.012115
1.012595
1.013087
1.013592
1.014109
1.014638
1.015180
1.015734
1.016300
1.016879
1.017469
1.018071
1.018685
1.019310
1.019947
1.020594
1.021253
1.021922
1.022601
1.023289
1.023988
1.024696
1.025412
1.026137
1.026870
1.027611
1.028360
1.029115
1.029877
1.030645
1.031418
1.032198
1.032982
1.033770
1.034563
1.035360
1.036160
1.036964
1.037770
1.038578
1.039389
1.040202
1.041016
1.041831
1.042648
1.043466
1.044284
1.045103
1.045923
1.046743
1.047564
1.048385
1.049206
1.050028
1.050851
1.051674
1.052498
1.053323
1.054149
1.054977
1.055807
1.056638
1.057472
1.058309
1.059149
1.059992
1.060839
1.061691
1.062548
1.063410
1.064278
1.065153
1.066035
1.066925
1.067823
1.068730
1.069646
1.070572
1.071509
1.072457
1.073417
1.074390
1.075375
1.076374
1.077387
1.078415
1.079458
1.080516
1.081591
1.082682
1.083791
1.084916
1.086060
1.087221
1.088401
1.089599
1.090816
1.092052
1.093307
1.094581
1.095874
1.097187
1.098518
1.099868
1.101238
1.102626
1.104032
1.105456
1.106899
1.108358
1.109835
1.111328
1.112838
1.114363
1.115902
1.117457
1.119025
1.120606
1.122199
1.123804
1.125421
1.127047
1.128682
1.130327
1.131978
1.133637
1.135302
1.136973
1.138648
1.140326
1.142007
1.143691
1.145376
1.147061
1.148746
1.150430
1.152112
1.153792
1.155469
1.157142
1.158811
1.160476
1.162135
1.163789
1.165437
1.167079
1.168714
1.170342
1.171964
1.173579
1.175186
1.176786
1.178380
1.179966
1.181546
1.183120
1.184687
1.186249
1.187805
1.189357
1.190904
1.192448
1.193988
1.195527
1.197063
1.198599
1.200135
1.201671
1.203210
1.204751
1.206296
1.207846
1.209401
1.210964
1.212534
1.214113
1.215702
1.217302
1.218915
1.220540
1.222180
1.223836
1.225508
1.227197
1.228905
1.230632
1.232380
1.234149
1.235940
1.237754
1.239591
1.241453
1.243339
1.245252
1.247190
1.249155
1.251146
1.253165
1.255212
1.257286
1.259387
1.261517
1.263674
1.265859
1.268070
1.270309
1.272575
1.274867
1.277184
1.279527
1.281894
1.284285
1.286698
1.289134
1.291591
1.294067
1.296563
1.299076
1.301606
1.304152
1.306712
1.309285
1.311869
1.314464
1.317067
1.319678
1.322295
1.324916
1.327541
1.330167
1.332794
1.335419
1.338042
1.340662
1.343276
1.345883
1.348483
1.351074
1.353655
1.356224
1.358782
1.361326
1.363856
1.366370
1.368869
1.371352
1.373817
1.376265
1.378695
1.381106
1.383499
1.385873
1.388228
1.390564
1.392882
1.395182
1.397463
1.399728
1.401975
1.404206
1.406421
1.408622
1.410808
1.412983
1.415145
1.417297
1.419441
1.421576
1.423705
1.425829
1.427950
1.430070
1.432189
1.434311
1.436436
1.438566
1.440704
1.442851
1.445008
1.447179
1.449364
1.451566
1.453787
1.456027
1.458291
1.460578
1.462891
1.465231
1.467601
1.470001
1.472434
1.474901
1.477403
1.479941
1.482518
1.485133
1.487789
1.490486
1.493224
1.496005
1.498830
1.501698
1.504611
1.507568
1.510570
1.513616
1.516707
1.519843
1.523023
1.526246
1.529512
1.532821
1.536171
1.539562
1.542992
1.546461
1.549967
1.553508
1.557084
1.560692
1.564331
1.567999
1.571695
1.575416
1.579160
1.582926
1.586711
1.590512
1.594329
1.598158
1.601998
1.605846
1.609699
1.613556
1.617413
1.621270
1.625123
1.628970
1.632810
1.636639
1.640456
1.644259
1.648046
1.651814
1.655563
1.659289
1.662992
1.666670
1.670321
1.673944
1.677539
1.681102
1.684635
1.688135
1.691602
1.695035
1.698434
1.701798
1.705128
1.708422
1.711681
1.714906
1.718095
1.721251
1.724372
1.727461
1.730517
1.733542
1.736536
1.739500
1.742437
1.745346
1.748230
1.751089
1.753927
1.756743
1.759539
1.762319
1.765082
1.767831
1.770568
1.773295
1.776013
1.778725
1.781432
1.784135
1.786838
1.789541
1.792247
1.794957
1.797672
1.800394
1.803125
1.805866
1.808618
1.811382
1.814160
1.816951
1.819758
1.822580
1.825418
1.828273
1.831143
1.834031
1.836935
1.839854
1.842789
1.845739
1.848703
1.851679
1.854667
1.857665
1.860672
1.863685
1.866703
1.869723
1.872743
1.875761
1.878774
1.881778
1.884772
1.887751
1.890713
1.893654
1.896570
1.899458
1.902314
1.905133
1.907912
1.910647
1.913333
1.915966
1.918541
1.921055
1.923503
1.925880
1.928181
1.930403
1.932541
1.934590
1.936546
1.938405
1.940162
