2.139069
2.176293
2.210547
2.241881
2.270404
2.296277
2.319695
2.340880
2.360070
2.377508
2.393437
2.408088
2.421681
2.434412
2.446449
2.457930
2.468956
2.479584
2.489827
2.499648
2.508953
2.517599
2.525382
2.532048
2.537292
2.540768
2.542096
2.540875
2.536702
2.529185
2.517966
2.502739
2.483274
2.459426
2.431159
2.398546
2.361783
2.321175
2.277138
2.230177
2.180868
2.129838
2.077735
2.025205
1.972867
1.921293
1.870989
1.822387
1.775830
1.731579
1.689805
1.650601
1.613987
1.579919
1.548300
1.518993
1.491827
1.466609
1.443134
1.421191
1.400570
1.381070
1.362502
1.344697
1.327509
1.310818
1.294537
1.278617
1.263047
1.247859
1.233132
1.218992
1.205612
1.193213
1.182055
1.172438
1.164688
1.159149
1.156170
1.156085
1.159203
1.165786
1.176032
1.190062
1.207909
1.229506
1.254686
1.283183
1.314639
1.348618
1.384624
1.422118
1.460540
1.499336
1.537973
1.575959
1.612859
1.648303
1.681994
1.713712
1.743308
1.770704
1.795882
1.818883
1.839788
1.858718
1.875820
1.891259
1.905213
1.917863
1.929389
1.939966
1.949754
1.958901
1.967531
1.975747
1.983623
1.991203
1.998496
2.005475
2.012071
2.018177
2.023644
2.028285
2.031875
2.034157
2.034853
2.033667
2.030302
2.024472
2.015912
2.004399
1.989763
1.971902
1.950788
1.926480
1.899120
1.868939
1.836242
1.801404
1.764850
1.727043
1.688461
1.649579
1.610854
1.572706
1.535509
1.499577
1.465165
1.432461
1.401592
1.372625
1.345572
1.320402
1.297041
1.275388
1.255316
1.236683
1.219337
1.203122
1.187885
1.173476
1.159756
1.146602
1.133905
1.121578
1.109556
1.097803
1.086311
1.075103
1.064238
1.053806
1.043936
1.034787
1.026551
1.019448
1.013715
1.009604
1.007369
1.007256
1.009489
1.014259
1.021710
1.031930
1.044943
1.060697
1.079071
1.099869
1.122828
1.147629
1.173908
1.201271
1.229309
1.257617
1.285803
1.313510
1.340420
1.366262
1.390820
1.413933
1.435494
1.455446
1.473777
1.490515
1.505723
1.519488
1.531917
1.543133
1.553265
1.562446
1.570808
1.578477
1.585573
1.592202
1.598456
1.604410
1.610118
1.615612
1.620899
1.625959
1.630742
1.635171
1.639135
1.642500
1.645100
1.646748
1.647242
1.646366
1.643903
1.639643
1.633394
1.624994
1.614318
1.601290
1.585891
1.568164
1.548212
1.526203
1.502360
1.476955
1.450300
1.422731
1.394597
1.366245
1.338007
1.310191
1.283068
1.256869
1.231779
1.207936
1.185432
1.164317
1.144598
1.126254
1.109231
1.093455
1.078833
1.065262
1.052630
1.040825
1.029734
1.019247
1.009265
0.999694
0.990458
0.981491
0.972747
0.964199
0.955841
0.947690
0.939789
0.932205
0.925030
0.918384
0.912405
0.907255
0.903109
0.900151
0.898569
0.898543
0.900238
0.903796
0.909323
0.916886
0.926503
0.938138
0.951702
0.967055
0.984003
1.002315
1.021725
1.041942
1.062668
1.083605
1.104468
1.124991
1.144940
1.164119
1.182365
1.199562
1.215627
1.230520
1.244230
1.256778
1.268208
1.278585
1.287986
1.296501
1.304226
1.311256
1.317691
1.323622
1.329138
1.334316
1.339225
1.343920
1.348441
1.352811
1.357036
1.361101
1.364968
1.368580
1.371855
1.374691
1.376967
1.378542
1.379265
1.378973
1.377503
1.374699
1.370414
1.364525
1.356936
1.347590
1.336468
1.323599
1.309058
1.292967
1.275491
1.256831
1.237218
1.216902
1.196143
1.175201
1.154326
1.133746
1.113667
1.094263
1.075674
1.058005
1.041326
1.025677
1.011066
0.997476
0.984871
0.973194
0.962378
0.952346
0.943015
0.934301
0.926118
0.918385
0.911027
0.903974
0.897167
0.890557
0.884110
0.877805
0.871637
0.865620
0.859786
0.854188
0.848897
0.844003
0.839616
0.835860
0.832870
0.830791
0.829769
0.829945
0.831450
0.834397
0.838872
0.844930
0.852589
0.861827
0.872579
0.884740
0.898165
0.912678
0.928073
0.944130
0.960617
0.977303
0.993966
1.010400
1.026422
1.041874
1.056631
1.070597
1.083707
1.095926
1.107243
1.117671
1.127244
1.136009
1.144027
1.151364
1.158095
1.164295
1.170040
1.175401
1.180449
1.185243
1.189838
1.194277
1.198592
1.202801
1.206908
1.210900
1.214748
1.218404
1.221803
1.224860
1.227477
1.229539
1.230920
1.231486
1.231103
1.229639
1.226970
1.222991
1.217620
1.210803
1.202519
1.192785
1.181658
1.169232
1.155636
1.141031
1.125603
1.109555
1.093100
1.076450
1.059810
1.043372
1.027306
1.011758
0.996848
0.982666
0.969273
0.956705
0.944974
0.934068
0.923959
0.914605
0.905952
0.897936
0.890491
0.883548
0.877037
0.870889
0.865043
0.859441
0.854032
0.848777
0.843645
0.838620
0.833699
0.828892
0.824230
0.819756
0.815535
0.811646
0.808185
0.805262
0.802998
0.801523
0.800969
0.801463
0.803126
0.806063
0.810356
0.816061
0.823202
0.831765
0.841702
0.852925
0.865314
0.878715
0.892954
0.907835
0.923155
0.938709
0.954299
0.969739
0.984863
0.999528
1.013617
1.027039
1.039734
1.051663
1.062814
1.073195
1.082831
1.091762
1.100039
1.107721
1.114873
1.121562
1.127854
1.133814
1.139505
1.144982
1.150294
1.155481
1.160570
1.165580
1.170513
1.175356
1.180081
1.184643
1.188979
1.193007
1.196630
1.199738
1.202208
1.203908
1.204703
1.204463
1.203062
1.200393
1.196368
1.190927
1.184043
1.175723
1.166013
1.154997
1.142794
1.129555
1.115456
1.100692
1.085467
1.069989
1.054460
1.039068
1.023984
1.009355
0.995303
0.981920
0.969273
0.957402
0.946322
0.936029
0.926497
0.917689
0.909553
0.902032
0.895059
0.888568
0.882490
0.876760
0.871314
0.866095
0.861054
0.856150
0.851353
0.846646
0.842027
0.837507
0.833119
0.828909
0.824945
0.821311
0.818110
0.815461
0.813494
0.812348
0.812169
0.813096
0.815265
0.818793
0.823775
0.830280
0.838340
0.847952
0.859070
0.871610
0.885449
0.900429
0.916367
0.933057
0.950282
0.967824
0.985466
1.003007
1.020265
1.037080
1.053322
1.068889
1.083707
1.097732
1.110945
1.123349
1.134968
1.145842
1.156023
1.165573
1.174560
1.183056
1.191133
1.198861
1.206308
1.213534
1.220594
1.227531
1.234377
1.241149
1.247852
1.254470
1.260969
1.267298
1.273383
1.279130
1.284426
1.289140
1.293129
1.296236
1.298303
1.299171
1.298692
1.296731
1.293182
1.287965
1.281041
1.272411
1.262121
1.250262
1.236966
1.222404
1.206777
1.190311
1.173245
1.155820
1.138276
1.120835
1.103702
1.087054
1.071037
1.055767
1.041326
1.027767
1.015112
1.003359
0.992485
0.982445
0.973183
0.964632
0.956717
0.949359
0.942478
0.935996
0.929838
0.923937
0.918232
0.912676
0.907233
0.901882
0.896620
0.891465
0.886454
0.881647
0.877126
0.872999
0.869393
0.866458
0.864356
0.863266
0.863369
0.864846
0.867867
0.872587
0.879130
0.887587
0.898006
0.910388
0.924685
0.940795
0.958570
0.977818
0.998312
1.019796
1.042000
1.064647
1.087467
1.110205
1.132627
1.154531
1.175748
1.196145
1.215627
1.234133
1.251635
1.268134
1.283656
1.298250
1.311979
1.324920
1.337156
1.348779
1.359877
1.370541
1.380856
1.390899
1.400738
1.410428
1.420011
1.429509
1.438925
1.448240
1.457411
1.466368
1.475016
1.483230
1.490864
1.497745
1.503683
1.508473
1.511903
1.513764
1.513858
1.512005
1.508059
1.501914
1.493512
1.482850
1.469984
1.455028
1.438152
1.419577
1.399566
1.378414
1.356433
1.333943
1.311257
1.288673
1.266460
1.244854
1.224051
1.204207
1.185432
1.167800
1.151343
1.136060
1.121921
1.108873
1.096841
1.085739
1.075467
1.065923
1.057001
1.048599
1.040617
1.032966
1.025567
1.018356
1.011285
1.004327
0.997480
0.990766
0.984235
0.977969
0.972079
0.966710
0.962034
0.958252
0.955586
0.954276
0.954569
0.956711
0.960933
0.967445
0.976420
0.987981
1.002197
1.019073
1.038545
1.060479
1.084678
1.110883
1.138789
1.168052
1.198306
1.229179
1.260303
1.291332
1.321949
1.351880
1.380893
1.408809
1.435494
1.460866
1.484884
1.507549
1.528895
1.548986
1.567907
1.585761
1.602661
1.618729
1.634087
1.648856
1.663150
1.677076
1.690725
1.704172
1.717473
1.730658
1.743732
1.756668
1.769407
1.781854
1.793877
1.805308
1.815945
1.825552
1.833869
1.840616
1.845503
1.848242
1.848560
1.846214
1.841002
1.832776
1.821458
1.807041
1.789601
1.769293
1.746351
1.721074
1.693823
1.664999
1.635031
1.604356
1.573404
1.542582
1.512258
1.482756
1.454346
1.427240
1.401592
1.377502
1.355014
1.334129
1.314807
1.296973
1.280528
1.265350
1.251308
1.238259
1.226059
1.214568
1.203650
1.193183
1.183058
1.173189
1.163509
1.153983
1.144606
1.135409
1.126462
1.117876
1.109804
1.102443
1.096032
1.090843
1.087183
1.085379
1.085770
1.088691
1.094462
1.103368
1.115645
1.131463
1.150915
1.174007
1.200651
1.230663
1.263772
1.299624
1.337798
1.377825
1.419203
1.461420
1.503973
1.546388
1.588232
1.629127
1.668759
1.706880
1.743308
1.777930
1.810692
1.841594
1.870685
1.898050
1.923807
1.948096
1.971075
1.992907
2.013762
2.033804
2.053190
2.072066
2.090555
2.108763
2.126762
2.144598
2.162273
2.179754
2.196957
2.213755
2.229966
2.245363
2.259669
2.272562
2.283689
2.292667
2.299102
2.302603
2.302800
2.299359
2.292009
2.280550
2.264876
2.244982
2.220972
2.193060
2.161563
2.126896
2.089547
2.050067
2.009040
1.967061
1.924717
1.882561
1.841095
1.800759
1.761920
1.724866
1.689805
1.656871
1.626126
1.597569
1.571142
1.546746
1.524242
1.503468
1.484240
1.466366
1.449651
1.433903
1.418937
1.404587
1.390706
1.377175
1.363905
1.350848
1.337998
1.325395
1.313135
1.301367
1.290300
1.280200
1.271387
1.264232
1.259147
1.256574
1.256970
1.260787
1.268455
1.280355
1.296805
1.318032
1.344159
1.375190
1.411002
1.451347
1.495852
1.544040
1.595340
1.649116
1.704689
1.761369
1.818477
1.875373
1.931475
1.986273
2.039345
2.090357
